1527
1525
1521
1519
1517
1516
1514
1509
1511
1513
1504
1498
1484
1499
1497
1501
1496
1493
1494
1492
1486
1487
1485
1480
1481
1476
1478
1474
1473
1467
1471
1469
1465
1459
1463
1461
1453
1455
1457
1451
1452
1440
1447
1438
1443
1445
1437
1435
1436
1421
1428
1430
1424
1422
1417
1420
1419
1418
1406
1407
1405
1397
1400
1401
1398
1395
1391
1393
1388
1389
1384
1382
1379
1380
1372
1371
1373
1369
1370
1364
1366
1365
1362
1363
1359
1358
1354
1355
1350
1345
1348
1342
1341
1337
1339
1334
1333
1330
1332
1327
1325
1312
1323
1316
1305
1321
1315
1313
1307
1304
1301
1303
1300
1291
1295
1293
1288
1285
1287
1279
1282
1269
1278
1271
1281
1277
1265
1263
1260
1262
1255
1253
1257
1243
1245
1247
1251
1248
1236
1244
1238
1241
1228
1230
1221
1220
1219
1215
1209
1217
1214
1208
1207
1204
1206
1200
1202
1201
1199
1197
1195
1194
1191
1189
1187
1186
1180
1185
1181
1182
1173
1175
1174
1169
1166
1167
1159
1163
1162
1156
1150
1152
1155
1151
1153
1143
1140
1139
1136
1138
1132
1121
1130
1131
1117
1113
1114
1111
1106
1107
1104
1105
1100
1101
1099
1096
1087
1093
1084
1088
1082
1080
1061
1079
1062
1076
1075
1073
1068
1072
1064
1065
1059
1060
1058
1046
1047
1051
1042
1041
1036
1038
1040
1037
1028
1025
1027
1023
1020
1017
1016
1013
1011
1009
1008
1004
998
1000
996
991
992
994
989
990
987
985
982
984
979
980
975
976
967
965
964
962
960
961
959
957
955
954
948
950
946
931
937
940
935
939
938
932
934
922
920
919
918
914
916
915
912
911
909
907
902
899
898
903
900
897
895
893
894
892
890
887
879
877
876
872
869
868
867
864
862
861
854
851
849
842
844
841
839
835
834
832
831
828
822
820
821
816
814
812
811
810
794
799
807
805
798
801
796
789
787
791
785
782
779
777
776
768
767
765
766
764
761
760
758
757
754
752
749
747
746
745
743
742
735
740
738
734
733
732
731
727
724
723
722
721
719
716
714
712
711
709
707
706
705
703
701
699
697
689
688
686
682
681
680
677
676
675
672
673
670
667
669
664
659
658
653
651
631
635
629
625
624
621
618
617
614
615
610
608
606
604
602
599
596
595
593
592
591
588
586
584
583
581
580
579
577
574
572
570
569
567
560
558
557
556
554
552
551
550
548
546
545
544
540
535
534
525
527
520
519
518
515
514
510
509
508
507
505
501
499
496
495
493
492
490
488
489
486
485
483
479
478
476
474
471
469
467
466
465
463
462
460
459
456
454
451
450
448
447
445
443
441
439
437
435
433
431
432
430
427
426
424
421
417
416
415
408
405
404
402
401
400
399
397
394
393
390
389
387
385
384
382
381
378
376
374
373
371
370
369
368
366
365
362
363
361
359
358
357
355
353
352
350
349
347
344
342
340
339
337
336
334
332
330
327
322
320
318
315
313
312
305
304
302
300
299
298
296
294
289
287
285
284
282
281
279
278
276
275
272
271
270
268
266
265
263
262
257
260
259
255
254
253
252
250
248
246
244
242
239
237
236
234
233
231
230
228
227
225
224
222
221
219
218
216
215
214
208
205
203
202
200
199
197
195
194
192
190
189
186
182
180
181
174
168
169
166
165
160
157
155
152
151
149
148
146
144
143
141
139
137
136
133
131
129
127
124
122
118
116
114
112
110
108
106
104
102
99
96
94
92
90
88
84
78
80
75
71
69
66
63
61
59
58
56
53
49
47
43
41
35
34
32
31
29
27
25
22
18
16
14
9
6
4
